1507969450.000069
1507969464.000003
1507969487.000004
1507969503.000032
1507969511.000002
1507969523.000007
1507969529.000025
1507969530.000093
1507969535.000006
1507969543.000096
1507969555.000046
1507969561.000088
1507969564.000006
1507969601.000005
1507969625.000018
1507969652.000027
1507969655.000048
1507969661.000093
1507969666.000023
1507969671.000084
1507969677.000022
1507969683.000047
1507969688.000007
1507969709.000046
1507969716.000048
1507969721.000052
1507969730.000003
1507969801.000033
1507969815.000075
1507969819.000028
1507969828.000049
1507969833.000067
1507969838.000050
1507969847.000009
1507969858.000054
1507969867.000001
