0.000000 0.062143 0.062762 0.060987 0.065056 0.310120 0.314945 0.319653 0.319787 0.319789 0.705134 0.705962 0.706048 0.707488 0.706888 0.712227 0.850610 0.913671 0.911617 0.997864 0.998694 1.000000 0.999971
0.065844 0.000000 0.007145 0.007689 0.009357 0.271467 0.275321 0.279038 0.279084 0.281059 0.688741 0.687965 0.688359 0.689972 0.689689 0.695372 0.843006 0.907953 0.907042 0.998743 0.999178 0.999362 1.000000
0.066536 0.007148 0.000000 0.007441 0.008832 0.271441 0.274622 0.278912 0.278500 0.282176 0.688728 0.688989 0.688373 0.689895 0.690143 0.694871 0.842761 0.907598 0.907493 0.999290 0.998528 0.999424 1.000000
0.064655 0.007694 0.007441 0.000000 0.008837 0.270527 0.275050 0.279540 0.278564 0.281450 0.688357 0.689088 0.689278 0.689718 0.689636 0.695102 0.842456 0.909141 0.906718 0.998651 0.999049 0.999672 1.000000
0.069067 0.009375 0.008845 0.008850 0.000000 0.270755 0.273957 0.277219 0.277205 0.281253 0.688577 0.689397 0.688134 0.689133 0.689551 0.694355 0.842832 0.907395 0.906880 0.999520 0.999766 0.999821 1.000000
0.446731 0.369071 0.368837 0.367590 0.367376 0.000000 0.015118 0.020436 0.020744 0.024582 0.578541 0.578125 0.578791 0.579826 0.579889 0.586721 0.787242 0.876048 0.874794 0.998384 0.998817 1.000000 0.999230
0.456526 0.376658 0.375501 0.376080 0.374053 0.015213 0.000000 0.014512 0.015165 0.019248 0.575075 0.575566 0.576086 0.576703 0.576029 0.583934 0.786519 0.874546 0.873121 0.999724 0.998559 0.999921 1.000000
0.465670 0.383654 0.383275 0.384131 0.380400 0.020667 0.014584 0.000000 0.009920 0.014305 0.574107 0.573846 0.573426 0.573755 0.574322 0.581423 0.785398 0.872991 0.873897 0.999183 0.998709 0.999201 1.000000
0.465777 0.383645 0.382636 0.382718 0.380309 0.020975 0.015238 0.009918 0.000000 0.013909 0.572497 0.573616 0.573070 0.573740 0.574563 0.580832 0.783987 0.873633 0.873456 0.998166 0.999394 0.999308 1.000000
0.466436 0.386904 0.388233 0.387228 0.386407 0.024890 0.019368 0.014322 0.013929 0.000000 0.570669 0.571153 0.572050 0.572567 0.572154 0.580274 0.781990 0.874351 0.871974 0.996822 0.998435 0.998343 1.000000
1.000000 0.921852 0.921339 0.920828 0.919812 0.569569 0.562628 0.558885 0.557423 0.554860 0.000000 0.008776 0.009091 0.010541 0.011219 0.017996 0.213639 0.302558 0.300851 0.422737 0.424540 0.424650 0.426031
1.000000 0.919734 0.920608 0.920725 0.919829 0.568492 0.562449 0.557976 0.557857 0.554680 0.008766 0.000000 0.009610 0.009435 0.010305 0.017255 0.215517 0.302191 0.301965 0.423706 0.423263 0.423786 0.424390
1.000000 0.920147 0.919672 0.920866 0.918030 0.569077 0.562887 0.557499 0.557258 0.555483 0.009079 0.009608 0.000000 0.009963 0.011063 0.017192 0.214515 0.300680 0.300530 0.423452 0.423065 0.424569 0.424783
1.000000 0.920428 0.919830 0.919579 0.917492 0.568935 0.562343 0.556683 0.556774 0.554853 0.010506 0.009415 0.009942 0.000000 0.009984 0.015753 0.213734 0.299767 0.300388 0.421224 0.422153 0.422723 0.422940
1.000000 0.920831 0.920943 0.920251 0.918828 0.569480 0.562164 0.557707 0.558046 0.554924 0.011191 0.010292 0.011050 0.009992 0.000000 0.017334 0.215076 0.300812 0.300472 0.422915 0.421756 0.423384 0.423709
1.000000 0.921459 0.920300 0.920592 0.918293 0.571870 0.565606 0.560370 0.559906 0.558580 0.017817 0.017104 0.017043 0.015649 0.017204 0.000000 0.204723 0.291617 0.291197 0.412730 0.411481 0.412681 0.413270
1.000000 0.935357 0.934582 0.934230 0.933317 0.642483 0.637893 0.633812 0.632793 0.630292 0.177101 0.178868 0.178058 0.177772 0.178736 0.171418 0.000000 0.081238 0.079390 0.180960 0.181501 0.182121 0.182987
1.000000 0.937887 0.937016 0.938594 0.935459 0.665613 0.660331 0.655874 0.656481 0.656095 0.233502 0.233492 0.232353 0.232120 0.232732 0.227322 0.075631 0.000000 0.007773 0.102204 0.101272 0.102697 0.102250
1.000000 0.939057 0.939019 0.938203 0.937035 0.666158 0.660740 0.658034 0.657827 0.655786 0.232708 0.233844 0.232761 0.233125 0.232993 0.227506 0.074077 0.007791 0.000000 0.101438 0.102273 0.102233 0.102769
1.000000 0.944625 0.944635 0.944016 0.943493 0.694561 0.691158 0.687345 0.686775 0.684885 0.298725 0.299761 0.299618 0.298649 0.299593 0.294586 0.154256 0.093581 0.092671 0.000000 0.007227 0.007450 0.007769
1.000000 0.944251 0.943130 0.943608 0.942941 0.694285 0.689779 0.686448 0.687048 0.685423 0.299749 0.299198 0.299095 0.299059 0.298524 0.293452 0.154588 0.092651 0.093356 0.007221 0.000000 0.006444 0.007415
1.000000 0.943191 0.942743 0.942962 0.941761 0.694199 0.689817 0.685889 0.686092 0.684464 0.299435 0.299177 0.299766 0.299072 0.299285 0.293922 0.154914 0.093831 0.093198 0.007434 0.006436 0.000000 0.006255
1.000000 0.943820 0.943313 0.943298 0.941957 0.693685 0.689892 0.686457 0.686587 0.685620 0.300417 0.299611 0.299926 0.299234 0.299523 0.294350 0.155655 0.093426 0.093689 0.007753 0.007405 0.006256 0.000000
