1507968581.000013
1507968582.000012
1507968582.000016
1507968647.000005
1507968842.000017
1507968856.000048
1507968861.000055
1507968874.000014
1507968881.000047
1507968901.000019
1507968909.000007
1507968914.000011
1507968919.000005
1507968925.000097
1507968928.000034
1507968935.000055
1507968958.000015
1507968972.000064
1507968977.000002
1507969026.000028
1507969029.000009
1507969033.000037
1507969045.000033
1507969054.000011
1507969056.000037
1507969062.000033
1507969076.000029
1507969079.000056
1507969083.000039
1507969090.000062
1507969096.000025
1507969100.000055
1507969102.000030
